-0.643,
-0.507,
-0.2382,
0.08014,
0.12177,
0.0848,
0.1392,
0.1796,
0.2188,
0.2637,
0.3015,
0.3286,
0.332,
0.2401,
0.1543,
0.132,
0.1337,
0.1581,
0.1866,
0.2007,
0.1683,
0.0798,
0.001894,
-0.04245,
-0.05176,
-0.0165,
0.02818,
0.08685,
0.0998,
0.05362,
0.005688,
-0.01173,
0.0736,
0.1902,
0.2189,
0.2279,
0.2166,
0.1877,
0.1373,
-0.0187,
-0.2957,
-0.4568,
-0.4067,
-0.317,
-0.2332,
-0.0943,
0.03696,
0.11127,
0.1158,
0.0906,
0.09625,
0.10406,
0.1431,
0.0966,
0.0462,
0.05917,
0.08563,
0.1118,
0.16,
0.1614,
0.06854,
0.03093,
0.04077,
-0.01325,
-0.0807,
-0.09436,
0.03546,
0.11914,
0.11456,
0.10474,
0.071,
0.002312,
-0.07983,
-0.0936,
-0.05157,
0.00945,
0.0766,
0.1227,
0.1256,
0.06464,
-0.034,
-0.1205,
-0.208,
-0.3008,
-0.3167,
-0.2365,
-0.1388,
-0.1349,
-0.1144,
-0.03198,
0.09937,
0.212,
0.2307,
0.1658,
0.07275,
0.01098,
-0.01743,
-0.1371,
-0.2437,
-0.1964,
-0.11664,
-0.05112,
-0.03113,
0.01704,
0.035,
0.05496,
0.0925,
0.08673,
0.06125,
0.05588,
0.001693,
-0.10144,
-0.187,
-0.2139,
-0.06903,
0.09894,
0.1892,
0.1846,
0.07904,
-0.0432,
-0.509,
-0.3997,
-0.1726,
0.01877,
0.1005,
0.0017,
-0.0855,
-0.05856,
0.004288,
0.02551,
0.001867,
-0.0401,
-0.03778,
0.01119,
0.02486,
0.0919,
0.3337,
0.4626,
0.4856,
0.4333,
0.2766,
-0.09186,
-0.3694,
-0.3767,
-0.3018,
-0.1982,
-0.0696,
0.0426,
0.1848,
0.3,
0.3035,
0.2778,
0.2006,
0.0639,
-0.0443,
-0.1357,
-0.292,
-0.4978,
-0.7427,
-0.779,
