-0.1182,
-0.1346,
-0.0437,
0.0191,
-0.006542,
-0.02248,
-0.05112,
0.001823,
0.11316,
0.1708,
0.1714,
0.1807,
0.1915,
0.2494,
0.3105,
0.2686,
0.1576,
0.1211,
0.1306,
0.11005,
0.05753,
0.08856,
0.03546,
0.038,
0.02477,
0.02151,
0.028,
-0.04364,
-0.04147,
-0.05606,
-0.04666,
-0.02348,
0.01489,
-0.0225,
0.02141,
0.076,
0.2153,
0.2622,
0.2488,
0.05127,
0.08826,
-0.01547,
-0.0739,
0.007626,
0.0908,
0.0578,
-0.0612,
-0.1503,
-0.1864,
-0.2524,
-0.2283,
-0.2397,
-0.0694,
0.0677,
0.08923,
0.0796,
0.1204,
0.1145,
0.1416,
0.1101,
0.0594,
0.10345,
0.05072,
-0.05457,
0.03052,
0.1477,
0.3696,
0.1009,
-0.06006,
0.00737,
-0.02037,
-0.05106,
-0.0336,
0.03262,
0.1487,
0.2137,
0.1427,
0.1605,
0.03827,
-0.07166,
-0.0884,
-0.0669,
-0.00653,
0.04898,
0.1052,
0.2583,
0.3733,
0.275,
0.0801,
-0.1803,
-0.302,
-0.1644,
-0.1124,
-0.1398,
-0.2274,
-0.3337,
-0.3413,
-0.3606,
-0.2722,
-0.1741,
-0.1954,
-0.251,
-0.02565,
0.07715,
0.0718,
0.04486,
0.1824,
0.156,
-0.2874,
-0.2347,
-0.10443,
0.06183,
-0.02309,
-0.09686,
0.03032,
0.2085,
0.269,
0.1975,
-0.0349,
-0.7505,
-0.501,
-0.2087,
0.05807,
0.237,
0.3433,
0.255,
0.1389,
0.0871,
0.1007,
0.12006,
0.06635,
0.04645,
0.11224,
0.09393,
0.10474,
0.1654,
0.1864,
0.1771,
0.1054,
-0.002693,
-0.03552,
-0.1451,
-0.2432,
-0.2983,
-0.2988,
-0.2988,
-0.2332,
0.064,
0.11993,
0.0632,
0.10895,
0.1754,
0.125,
0.10626,
0.05698,
-0.1114,
-0.0633,
-0.1644,
-0.1876,
-0.1572,
