0.0,
0.0,
0.0,
0.0,
0.0,
0.0,
0.0,
0.0,
0.0,
0.0,
0.0,
0.0,
0.0,
0.0,
0.0,
0.0,
0.0,
0.0,
0.0,
0.0,
0.0,
0.0,
0.0,
0.0,
0.0,
0.0,
0.0,
0.0,
0.0,
0.0,
0.0,
0.0,
0.0,
0.0,
0.0,
0.0,
0.0,
0.0,
0.0,
0.0,
0.0,
0.0,
0.0,
0.0,
0.0,
0.0,
0.0,
0.0,
0.0,
0.0,
0.0,
0.0,
0.0,
0.0,
0.0,
0.0,
0.0,
0.0,
0.0,
0.0,
0.0,
0.0,
0.0,
0.0,
-0.2708,
0.2708,
0.2708,
0.2708,
0.2708,
0.2708,
0.2708,
0.2708,
-0.2708,
0.2708,
0.2708,
-0.2708,
0.2708,
0.2708,
0.2708,
0.2708,
0.2708,
-0.2708,
0.2708,
0.2708,
0.2708,
-0.2708,
0.2708,
0.2708,
-0.2708,
-0.2708,
0.2708,
-0.2708,
0.2708,
0.2708,
0.2708,
0.2708,
0.2708,
0.2708,
-0.2708,
0.2708,
0.2708,
0.2708,
-0.2708,
0.2708,
0.2708,
0.2708,
0.2708,
0.2708,
0.2708,
0.2708,
0.2708,
0.2708,
0.2708,
-0.2708,
0.2708,
-0.2708,
-0.2708,
-0.2708,
0.2708,
0.2708,
-0.2708,
0.2708,
-0.2708,
0.2708,
0.2708,
0.2708,
-0.2708,
0.2708,
-0.2708,
-0.2708,
0.2708,
0.2708,
-0.2708,
0.2708,
0.2708,
0.2708,
-0.2708,
0.2708,
0.2708,
-0.2708,
0.2708,
0.2708,
-0.2708,
0.2708,
0.2708,
0.2708,
0.2708,
0.2708,
0.2708,
0.2708,
0.2708,
-0.2708,
-0.2708,
0.2708,
-0.2708,
-0.2708,
0.2708,
0.2708,
0.2708,
0.2708,
