6.6e-07,
2.02e-05,
-8.106e-05,
0.0006166,
0.0001012,
0.0003464,
0.000539,
-0.0002768,
0.0002342,
-0.0002682,
-0.000781,
-1.43e-06,
-0.0009046,
-0.0003595,
0.000363,
-0.0004926,
0.001093,
0.0007963,
0.000255,
0.001769,
-0.0002666,
-6e-08,
0.0003104,
-0.002398,
-0.0004022,
-0.00146,
-0.00233,
0.00122,
-0.001042,
0.001194,
0.00347,
3.16e-06,
0.003956,
0.001554,
-0.001548,
0.002068,
-0.00451,
-0.003225,
-0.001014,
-0.006912,
0.001023,
0.0,
-0.00115,
0.008736,
0.001441,
0.005154,
0.0081,
-0.004185,
0.00353,
-0.003994,
-0.01148,
-9.7e-06,
-0.01286,
-0.005013,
0.004963,
-0.0066,
0.014336,
0.01024,
0.003218,
0.02197,
-0.003263,
-0.0,
0.003714,
-0.02849,
-0.004757,
-0.01729,
-0.02771,
0.01464,
-0.01269,
0.01483,
0.04434,
3.91e-05,
0.05496,
0.02289,
-0.0246,
0.03616,
-0.0893,
-0.0754,
-0.02982,
-0.2876,
0.0804,
0.6,
0.0804,
-0.2876,
-0.02982,
-0.0754,
-0.0893,
0.03616,
-0.0246,
0.02289,
0.05496,
3.91e-05,
0.04434,
0.01483,
-0.01269,
0.01464,
-0.02771,
-0.01729,
-0.004757,
-0.02849,
0.003714,
-0.0,
-0.003263,
0.02197,
0.003218,
0.01024,
0.014336,
-0.0066,
0.004963,
-0.005013,
-0.01286,
-9.7e-06,
-0.01148,
-0.003994,
0.00353,
-0.004185,
0.0081,
0.005154,
0.001441,
0.008736,
-0.00115,
0.0,
0.001023,
-0.006912,
-0.001014,
-0.003225,
-0.00451,
0.002068,
-0.001548,
0.001554,
0.003956,
3.16e-06,
0.00347,
0.001194,
-0.001042,
0.00122,
-0.00233,
-0.00146,
-0.0004022,
-0.002398,
0.0003104,
-6e-08,
-0.0002666,
0.001769,
0.000255,
0.0007963,
0.001093,
-0.0004926,
0.000363,
-0.0003595,
-0.0009046,
-1.43e-06,
-0.000781,
-0.0002682,
0.0002342,
-0.0002768,
0.000539,
0.0003464,
0.0001012,
0.0006166,
