0.0,
9.024e-05,
0.00012064,
4.864e-05,
-0.0001308,
-0.0003777,
-0.0006146,
-0.0007477,
-0.000698,
-0.0004365,
0.0,
0.0005064,
0.0009384,
0.001161,
0.001099,
0.000773,
0.0003042,
-0.0001278,
-0.0003545,
-0.0002942,
0.0,
0.0003426,
0.0004807,
0.0002016,
-0.0005584,
-0.001649,
-0.002722,
-0.003336,
-0.003124,
-0.001947,
0.0,
0.002222,
0.004066,
0.004955,
0.004612,
0.003191,
0.001234,
-0.000509,
-0.001387,
-0.001129,
0.0,
0.001269,
0.001752,
0.000723,
-0.001972,
-0.005737,
-0.00934,
-0.0113,
-0.01045,
-0.006447,
0.0,
0.00722,
0.013115,
0.01588,
0.014725,
0.01015,
0.003918,
-0.001615,
-0.004406,
-0.003601,
0.0,
0.0041,
0.005714,
0.002388,
-0.006615,
-0.0196,
-0.03265,
-0.04062,
-0.03882,
-0.02489,
0.0,
0.03085,
0.05994,
0.07874,
0.08075,
0.06323,
0.02884,
-0.01496,
-0.0577,
-0.0887,
-0.10004,
-0.0887,
-0.0577,
-0.01496,
0.02884,
0.06323,
0.08075,
0.07874,
0.05994,
0.03085,
0.0,
-0.02489,
-0.03882,
-0.04062,
-0.03265,
-0.0196,
-0.006615,
0.002388,
0.005714,
0.0041,
0.0,
-0.003601,
-0.004406,
-0.001615,
0.003918,
0.01015,
0.014725,
0.01588,
0.013115,
0.00722,
0.0,
-0.006447,
-0.01045,
-0.0113,
-0.00934,
-0.005737,
-0.001972,
0.000723,
0.001752,
0.001269,
0.0,
-0.001129,
-0.001387,
-0.000509,
0.001234,
0.003191,
0.004612,
0.004955,
0.004066,
0.002222,
0.0,
-0.001947,
-0.003124,
-0.003336,
-0.002722,
-0.001649,
-0.0005584,
0.0002016,
0.0004807,
0.0003426,
0.0,
-0.0002942,
-0.0003545,
-0.0001278,
0.0003042,
0.000773,
0.001099,
0.001161,
0.0009384,
0.0005064,
0.0,
-0.0004365,
-0.000698,
-0.0007477,
-0.0006146,
-0.0003777,
-0.0001308,
4.864e-05,
0.00012064,
9.024e-05,
