-0.0,
-0.0001472,
-0.0002692,
-0.00034,
-0.0003417,
-0.000267,
-0.0001234,
6.646e-05,
0.0002668,
0.0004337,
0.0005236,
0.000503,
0.0003586,
0.0001032,
-0.0002205,
-0.000546,
-0.000795,
-0.000893,
-0.000791,
-0.0004797,
0.0,
0.0005584,
0.001073,
0.00141,
0.001459,
0.001165,
0.0005465,
-0.0002966,
-0.001193,
-0.001934,
-0.00232,
-0.002207,
-0.001553,
-0.0004404,
0.000926,
0.002254,
0.003223,
0.003557,
0.003094,
0.001842,
-0.0,
-0.002071,
-0.00391,
-0.005054,
-0.005154,
-0.004055,
-0.001875,
0.001004,
0.003994,
0.006405,
0.007607,
0.007175,
0.00501,
0.001412,
-0.002956,
-0.00717,
-0.01024,
-0.01129,
-0.00983,
-0.00587,
0.0,
0.006683,
0.01275,
0.0167,
0.01727,
0.01386,
0.006557,
-0.00361,
-0.01483,
-0.02472,
-0.03076,
-0.03065,
-0.02289,
-0.007,
0.0162,
0.04468,
0.0754,
0.1046,
0.1288,
0.1447,
0.1501,
0.1447,
0.1288,
0.1046,
0.0754,
0.04468,
0.0162,
-0.007,
-0.02289,
-0.03065,
-0.03076,
-0.02472,
-0.01483,
-0.00361,
0.006557,
0.01386,
0.01727,
0.0167,
0.01275,
0.006683,
0.0,
-0.00587,
-0.00983,
-0.01129,
-0.01024,
-0.00717,
-0.002956,
0.001412,
0.00501,
0.007175,
0.007607,
0.006405,
0.003994,
0.001004,
-0.001875,
-0.004055,
-0.005154,
-0.005054,
-0.00391,
-0.002071,
-0.0,
0.001842,
0.003094,
0.003557,
0.003223,
0.002254,
0.000926,
-0.0004404,
-0.001553,
-0.002207,
-0.00232,
-0.001934,
-0.001193,
-0.0002966,
0.0005465,
0.001165,
0.001459,
0.00141,
0.001073,
0.0005584,
0.0,
-0.0004797,
-0.000791,
-0.000893,
-0.000795,
-0.000546,
-0.0002205,
0.0001032,
0.0003586,
0.000503,
0.0005236,
0.0004337,
0.0002668,
6.646e-05,
-0.0001234,
-0.000267,
-0.0003417,
-0.00034,
-0.0002692,
-0.0001472,
