0.0,
0.000229,
-0.0003324,
0.0002432,
-0.0,
-0.0002666,
0.0003989,
-0.0003,
0.0,
0.0003438,
-0.000523,
0.0003989,
-0.0,
-0.0004659,
0.000713,
-0.0005455,
0.0,
0.0006385,
-0.000977,
0.0007463,
-0.0,
-0.000869,
0.001325,
-0.001008,
-0.0,
0.001164,
-0.001766,
0.001339,
-0.0,
-0.0015335,
0.002317,
-0.001749,
0.0,
0.001987,
-0.002995,
0.002253,
-0.0,
-0.002544,
0.00382,
-0.002865,
0.0,
0.003222,
-0.004826,
0.003614,
-0.0,
-0.00405,
0.00606,
-0.004536,
0.0,
0.005077,
-0.0076,
0.005688,
0.0,
-0.006374,
0.00955,
-0.007164,
0.0,
0.00807,
-0.01214,
0.00913,
-0.0,
-0.0104,
0.01573,
-0.01193,
0.0,
0.01385,
-0.0212,
0.0163,
-0.0,
-0.01959,
0.03072,
-0.0243,
0.0,
0.03162,
-0.0524,
0.04462,
-0.0,
-0.07477,
0.1589,
-0.225,
0.2499,
-0.225,
0.1589,
-0.07477,
-0.0,
0.04462,
-0.0524,
0.03162,
0.0,
-0.0243,
0.03072,
-0.01959,
-0.0,
0.0163,
-0.0212,
0.01385,
0.0,
-0.01193,
0.01573,
-0.0104,
-0.0,
0.00913,
-0.01214,
0.00807,
0.0,
-0.007164,
0.00955,
-0.006374,
0.0,
0.005688,
-0.0076,
0.005077,
0.0,
-0.004536,
0.00606,
-0.00405,
-0.0,
0.003614,
-0.004826,
0.003222,
0.0,
-0.002865,
0.00382,
-0.002544,
-0.0,
0.002253,
-0.002995,
0.001987,
0.0,
-0.001749,
0.002317,
-0.0015335,
-0.0,
0.001339,
-0.001766,
0.001164,
-0.0,
-0.001008,
0.001325,
-0.000869,
-0.0,
0.0007463,
-0.000977,
0.0006385,
0.0,
-0.0005455,
0.000713,
-0.0004659,
-0.0,
0.0003989,
-0.000523,
0.0003438,
0.0,
-0.0003,
0.0003989,
-0.0002666,
-0.0,
0.0002432,
-0.0003324,
0.000229,
