-0.0652,
2.05e-05,
4e-05,
5.69e-05,
6.98e-05,
7.7e-05,
7.737e-05,
6.99e-05,
5.424e-05,
3.06e-05,
-0.0,
-3.54e-05,
-7.284e-05,
-0.00010854,
-0.0001383,
-0.0001577,
-0.0001627,
-0.0001501,
-0.0001182,
-6.723e-05,
0.0,
7.84e-05,
0.0001605,
0.0002372,
0.0002987,
0.000336,
0.000341,
0.0003092,
0.0002394,
0.0001341,
-0.0,
-0.0001527,
-0.0003104,
-0.0004578,
-0.000577,
-0.0006514,
-0.000665,
-0.000607,
-0.0004725,
-0.0002654,
0.0,
0.0002995,
0.000601,
0.0008683,
0.001066,
0.001168,
0.001154,
0.00102,
0.0007715,
0.0004237,
-0.0,
-0.0004714,
-0.0009565,
-0.001416,
-0.001804,
-0.00207,
-0.002155,
-0.002008,
-0.001596,
-0.0009136,
0.0,
0.001053,
0.002113,
0.003027,
0.003664,
0.00393,
0.003798,
0.00329,
0.00246,
0.001357,
-0.0,
-0.0016365,
-0.003641,
-0.006172,
-0.00947,
-0.01388,
-0.01982,
-0.02788,
-0.0386,
-0.05258,
0.93,
-0.09045,
-0.1124,
-0.1332,
-0.1487,
-0.1542,
-0.1458,
-0.1224,
-0.0862,
-0.0429,
-0.0,
0.03577,
0.06015,
0.0722,
0.0735,
0.06683,
0.05533,
0.04138,
0.02684,
0.0128,
0.0,
-0.011086,
-0.02007,
-0.02655,
-0.03024,
-0.03093,
-0.02863,
-0.02364,
-0.01659,
-0.00837,
-0.0,
0.007526,
0.013435,
0.01726,
0.01886,
0.0184,
0.01624,
0.01284,
0.00869,
0.004276,
0.0,
-0.003786,
-0.006813,
-0.008896,
-0.00993,
-0.009926,
-0.008965,
-0.007225,
-0.00496,
-0.002457,
-0.0,
0.00216,
0.00383,
0.004906,
0.005356,
0.00522,
0.004597,
0.00362,
0.002434,
0.001184,
0.0,
-0.001017,
-0.001791,
-0.002283,
-0.002487,
-0.002422,
-0.002134,
-0.001681,
-0.001132,
-0.000551,
-0.0,
0.0004756,
0.000843,
0.001085,
0.001198,
0.001189,
0.001075,
0.0008755,
0.000614,
0.0003145,
