-0.0,
-0.00010026,
-0.0001956,
-0.0002787,
-0.000342,
-0.0003777,
-0.00038,
-0.0003438,
-0.0002668,
-0.0001504,
0.0,
0.0001746,
0.0003588,
0.000534,
0.000679,
0.000773,
0.0007954,
0.000732,
0.000575,
0.0003266,
-0.0,
-0.0003803,
-0.0007796,
-0.001155,
-0.00146,
-0.001649,
-0.001683,
-0.001534,
-0.001194,
-0.0006714,
0.0,
0.000766,
0.001554,
0.00228,
0.002851,
0.003191,
0.003225,
0.002916,
0.002249,
0.001254,
-0.0,
-0.0014105,
-0.002842,
-0.004143,
-0.005154,
-0.005737,
-0.005775,
-0.0052,
-0.003994,
-0.002222,
0.0,
0.00249,
0.005013,
0.00731,
0.0091,
0.01015,
0.01024,
0.009254,
0.007145,
0.003998,
-0.0,
-0.00455,
-0.00926,
-0.01368,
-0.01729,
-0.0196,
-0.02019,
-0.01868,
-0.01484,
-0.00858,
0.0,
0.010635,
0.0229,
0.03622,
0.0499,
0.06323,
0.0754,
0.0857,
0.09357,
0.0985,
0.10016,
0.0985,
0.09357,
0.0857,
0.0754,
0.06323,
0.0499,
0.03622,
0.0229,
0.010635,
0.0,
-0.00858,
-0.01484,
-0.01868,
-0.02019,
-0.0196,
-0.01729,
-0.01368,
-0.00926,
-0.00455,
-0.0,
0.003998,
0.007145,
0.009254,
0.01024,
0.01015,
0.0091,
0.00731,
0.005013,
0.00249,
0.0,
-0.002222,
-0.003994,
-0.0052,
-0.005775,
-0.005737,
-0.005154,
-0.004143,
-0.002842,
-0.0014105,
-0.0,
0.001254,
0.002249,
0.002916,
0.003225,
0.003191,
0.002851,
0.00228,
0.001554,
0.000766,
0.0,
-0.0006714,
-0.001194,
-0.001534,
-0.001683,
-0.001649,
-0.00146,
-0.001155,
-0.0007796,
-0.0003803,
-0.0,
0.0003266,
0.000575,
0.000732,
0.0007954,
0.000773,
0.000679,
0.000534,
0.0003588,
0.0001746,
0.0,
-0.0001504,
-0.0002668,
-0.0003438,
-0.00038,
-0.0003777,
-0.000342,
-0.0002787,
-0.0001956,
-0.00010026,
